[gd_scene load_steps=36 format=2]

[ext_resource path="res://Scenes/museum-prefinal/ESCENARIO MUSEO_23-11-20.dae" type="PackedScene" id=1]
[ext_resource path="res://GameEngine/CameraBox.gd" type="Script" id=2]
[ext_resource path="res://GameEngine/Clickable.tscn" type="PackedScene" id=3]
[ext_resource path="res://Scenes/museum-prefinal/gass.material" type="Material" id=4]
[ext_resource path="res://Scenes/museum-prefinal/suelo.material" type="Material" id=5]
[ext_resource path="res://Scenes/museum-prefinal/textura_panelmando.png" type="Texture" id=6]
[ext_resource path="res://Scenes/museum-prefinal/TEXTURA_taza.png" type="Texture" id=7]
[ext_resource path="res://Scenes/museum-prefinal/cera 1.material" type="Material" id=8]
[ext_resource path="res://Scenes/museum-prefinal/cera 2.material" type="Material" id=9]
[ext_resource path="res://Scenes/museum-prefinal/mackintosh.material" type="Material" id=10]
[ext_resource path="res://Scenes/museum-prefinal/environment.res" type="Environment" id=11]

[sub_resource type="BoxShape" id=1]
extents = Vector3( 0.709478, 0.200562, 0.400492 )

[sub_resource type="BoxShape" id=2]
margin = 0.05
extents = Vector3( 0.375651, 0.178761, 0.703635 )

[sub_resource type="BoxShape" id=3]
extents = Vector3( 0.17611, 0.076521, 0.0866215 )

[sub_resource type="BoxShape" id=4]
extents = Vector3( 0.621052, 0.155964, 0.312306 )

[sub_resource type="BoxShape" id=5]
extents = Vector3( 0.905161, 1.42412, 0.177722 )

[sub_resource type="BoxShape" id=6]
extents = Vector3( 0.88571, 1.35329, 0.110583 )

[sub_resource type="BoxShape" id=7]
extents = Vector3( 0.853904, 1.4119, 0.0854273 )

[sub_resource type="BoxShape" id=8]
extents = Vector3( 1.46949, 1.62093, 0.34757 )

[sub_resource type="SpatialMaterial" id=9]
albedo_texture = ExtResource( 7 )
emission_enabled = true
emission = Color( 0, 0, 0, 1 )
emission_energy = 1.0
emission_operator = 0
emission_on_uv2 = false

[sub_resource type="BoxShape" id=10]

[sub_resource type="BoxShape" id=11]

[sub_resource type="CapsuleShape" id=25]
radius = 0.910702
height = 5.49683

[sub_resource type="BoxShape" id=26]
extents = Vector3( 2.03213, 0.420565, 1.85026 )

[sub_resource type="CapsuleShape" id=27]
radius = 0.697565
height = 3.19046

[sub_resource type="SpatialMaterial" id=15]
albedo_texture = ExtResource( 6 )

[sub_resource type="BoxShape" id=16]
extents = Vector3( 0.530456, 1.47498, 0.736803 )

[sub_resource type="BoxShape" id=17]
extents = Vector3( 0.543696, 1, 0.362092 )

[sub_resource type="BoxShape" id=18]
extents = Vector3( 0.480979, 1, 0.397638 )

[sub_resource type="BoxShape" id=19]
extents = Vector3( 1.39571, 1.77379, 0.370951 )

[sub_resource type="NavigationMesh" id=20]
vertices = PoolVector3Array( -1.02815, 0, -5.77726, 2.93412, 0, -15.0785, -1.8149, 0, -15.0785, -0.0366414, 0, 1.16647, 2.93412, 0, -2.08903, -1.53969, 0, -2.0863, -2.12419, 0, -5.77921, -2.12419, 0, -15.0785, -1.53969, 0, 1.16647, -3.05206, 0, -2.08903, -2.20675, 3.45136, 1.61897, -2.12419, 0, -2.08903, -3.06002, 3.45136, 1.61897, -2.20675, 3.45136, 3.23088, -2.20675, 3.45136, 1.61897, -1.8149, 3.45136, 2.8967, 3.92508, 3.45136, 2.05143, -1.8149, 3.45136, 2.05143, 2.93412, 0, 15.621, -1.53969, 0, 9.40027, -1.53969, 0, 15.621, 2.93412, 0, 9.40027, 0.512545, 0, 8.67885, -7.50385, 3.45136, 1.17078, -8.15907, 3.45136, 2.78269, -7.50385, 3.45136, 2.78269, -3.75973, 3.45136, 0.227218, -7.50385, 3.45136, 0.227218, -8.7948, 3.45136, 1.17078, -12.4444, 3.45136, 0.227218, -12.4444, 3.45136, 1.61897, -8.7948, 3.45136, 8.22387, -12.4444, 3.45136, 3.23088, -12.4444, 3.45136, 8.22387, -8.7948, 3.45136, 2.78269, 11.8076, 3.45136, 2.02908, 15.0197, 3.45136, 3.23088, 15.0197, 3.45136, 2.01998, 3.92508, 3.45136, 5.71127, 7.56106, 3.45136, 8.06268, 7.56106, 3.45136, 5.69452, -1.8149, 3.45136, 7.1838, -1.99445, 3.45136, 8.22387, -1.8149, 3.45136, 8.22387, -3.05206, 0, -15.0785, -3.05206, 0, -5.77921, -3.456, 3.45136, 7.24905, -2.20675, 3.45136, 7.24905, -3.75973, 3.45136, 1.61897, -3.75973, 3.45136, 3.23088, -4.81143, 3.45136, 7.21942, -8.15907, 3.45136, 1.17078, 2.93412, 0, 7.95743, -1.53969, 0, 7.95743, -5.33045, 3.45136, 8.22387, -7.45861, 3.45136, 7.16154, -7.44764, 3.45136, 8.22387, -0.2702, 0, 3.5343, 1.81763, 0, 1.16647, -1.53969, 0, 3.5343, 2.93412, 0, 1.71301, -1.53969, 0, 1.71301, 2.93412, 0, 1.16647, 2.07796, 0, 3.5343, 2.93412, 0, 3.5343, 9.68433, 3.45136, 6.24382, 9.68433, 3.45136, 8.06268, 3.92508, 3.45136, 2.8967, 7.56106, 3.45136, 2.04112, 11.8076, 3.45136, 5.89265, 15.0197, 3.45136, 8.06268, 15.0197, 3.45136, 5.86338, 9.68433, 3.45136, 4.0667, 9.68433, 3.45136, 2.0351, 11.8076, 3.45136, 4.51092, 7.56106, 3.45136, 4.52293, 11.8076, 3.45136, 8.06268, -2.12419, 0, -2.96216, -3.05206, 0, -2.96215, 2.18341, 0, -2.96167, -0.968469, 0, -2.95961, -3.05206, 0, -2.08903, -2.12419, 0, -2.08903, -2.12419, 0, -2.49866, -1.54035, 0, -2.49866, 2.93412, 0, -2.96216, 2.18346, 0, -5.77885, 2.93412, 0, -5.77921, -3.05206, 0, -2.08903, -3.06002, 3.45136, 1.61897, -2.20675, 3.45136, 1.61897, 1.66032, 0, 8.67885, -8.7948, 3.45136, 0.227218, 3.92508, 3.45136, 8.06268 )
polygons = [ PoolIntArray( 0, 2, 1 ), PoolIntArray( 3, 5, 4 ), PoolIntArray( 6, 7, 2 ), PoolIntArray( 8, 5, 3 ), PoolIntArray( 9, 11, 10 ), PoolIntArray( 12, 14, 13 ), PoolIntArray( 15, 17, 16 ), PoolIntArray( 18, 20, 19 ), PoolIntArray( 21, 19, 22 ), PoolIntArray( 23, 25, 24 ), PoolIntArray( 23, 27, 26 ), PoolIntArray( 28, 30, 29 ), PoolIntArray( 31, 33, 32 ), PoolIntArray( 34, 32, 30 ), PoolIntArray( 35, 37, 36 ), PoolIntArray( 38, 40, 39 ), PoolIntArray( 41, 43, 42 ), PoolIntArray( 17, 15, 13 ), PoolIntArray( 6, 45, 44 ), PoolIntArray( 13, 47, 46 ), PoolIntArray( 48, 49, 25 ), PoolIntArray( 46, 50, 49 ), PoolIntArray( 51, 24, 34 ), PoolIntArray( 13, 15, 41 ), PoolIntArray( 22, 53, 52 ), PoolIntArray( 54, 56, 55 ), PoolIntArray( 50, 55, 25 ), PoolIntArray( 57, 3, 58 ), PoolIntArray( 53, 59, 57 ), PoolIntArray( 60, 61, 61 ), PoolIntArray( 4, 62, 58 ), PoolIntArray( 57, 63, 52 ), PoolIntArray( 63, 64, 52 ), PoolIntArray( 65, 66, 39 ), PoolIntArray( 67, 16, 68 ), PoolIntArray( 69, 71, 70 ), PoolIntArray( 72, 73, 35 ), PoolIntArray( 74, 36, 71 ), PoolIntArray( 75, 40, 38 ), PoolIntArray( 68, 73, 72 ), PoolIntArray( 65, 69, 76 ), PoolIntArray( 77, 78, 45 ), PoolIntArray( 77, 6, 0 ), PoolIntArray( 5, 80, 79 ), PoolIntArray( 81, 83, 82 ), PoolIntArray( 84, 83, 77 ), PoolIntArray( 79, 85, 4 ), PoolIntArray( 1, 87, 86 ), PoolIntArray( 86, 87, 85 ), PoolIntArray( 83, 81, 78 ), PoolIntArray( 80, 5, 84 ), PoolIntArray( 0, 1, 86 ), PoolIntArray( 3, 4, 58 ), PoolIntArray( 6, 2, 0 ), PoolIntArray( 88, 90, 89 ), PoolIntArray( 12, 13, 49 ), PoolIntArray( 15, 16, 67 ), PoolIntArray( 18, 19, 21 ), PoolIntArray( 21, 22, 91 ), PoolIntArray( 23, 24, 51 ), PoolIntArray( 23, 26, 48 ), PoolIntArray( 28, 29, 92 ), PoolIntArray( 31, 32, 34 ), PoolIntArray( 34, 30, 28 ), PoolIntArray( 35, 36, 74 ), PoolIntArray( 38, 39, 93 ), PoolIntArray( 41, 42, 47 ), PoolIntArray( 17, 13, 14 ), PoolIntArray( 6, 44, 7 ), PoolIntArray( 13, 46, 49 ), PoolIntArray( 48, 25, 23 ), PoolIntArray( 51, 34, 28 ), PoolIntArray( 13, 41, 47 ), PoolIntArray( 22, 52, 91 ), PoolIntArray( 54, 55, 50 ), PoolIntArray( 50, 25, 49 ), PoolIntArray( 57, 58, 63 ), PoolIntArray( 60, 61, 60 ), PoolIntArray( 57, 52, 53 ), PoolIntArray( 65, 39, 40 ), PoolIntArray( 67, 68, 75 ), PoolIntArray( 69, 70, 76 ), PoolIntArray( 72, 35, 74 ), PoolIntArray( 74, 71, 69 ), PoolIntArray( 75, 38, 67 ), PoolIntArray( 68, 72, 75 ), PoolIntArray( 65, 76, 66 ), PoolIntArray( 77, 45, 6 ), PoolIntArray( 77, 0, 80 ), PoolIntArray( 5, 79, 4 ), PoolIntArray( 84, 77, 80 ), PoolIntArray( 86, 85, 79 ), PoolIntArray( 83, 78, 77 ) ]

[sub_resource type="ConcavePolygonShape" id=21]
data = PoolVector3Array( 1, 0, -0.1337, -0.5366, 0, -0.1337, -0.5366, 0, -1, 1, 0, 1, -0.5366, 0, 1, -0.5366, 0, 0.1097, -0.5366, 0, -0.1337, -1, 0, -0.1337, -1, 0, -1, 1, 0, 0.1097, -0.5366, 0, 0.1097, -0.5366, 0, -0.1337, -1, 0, -0.1337, -0.5366, 0, -0.1337, -0.5366, 3.4514, 0.1036, -1, 3.4514, 0.1036, -0.5366, 3.4514, 0.1036, -0.5366, 3.4514, 0.2068, -0.5366, 3.4514, 0.2068, -0.5366, 3.4514, 0.1036, 1.021, 3.4514, 0.1036, -1, 3.4514, 0.2068, -0.5366, 3.4514, 0.2068, -0.5366, 3.4514, 0.5491, -1, 3.4514, 0.2068, -1, 3.4514, 0.5491, -2.4123, 3.4514, 0.5491, -1, 3.4514, 0.1036, -1, 3.4514, 0.2068, -2.4123, 3.4514, 0.2068, -1, 3.4514, 0.1036, -2.4123, 3.4514, 0.1036, -2.4123, 3.4514, -0.0096, -2.4123, 3.4514, -0.0096, -2.4123, 3.4514, 0.1036, -3.8187, 3.4514, 0.1036, -2.4123, 3.4514, 0.2068, -2.4123, 3.4514, 0.5491, -3.8187, 3.4514, 0.5491, -2.4123, 3.4514, 0.1036, -2.4123, 3.4514, 0.2068, -3.8187, 3.4514, 0.2068, 1.021, 3.4514, 0.2068, 1.021, 3.4514, 0.1036, 4.6011, 3.4514, 0.1036, 1.021, 3.4514, 0.2068, 4.6011, 3.4514, 0.2068, 4.6011, 3.4514, 0.5479, 1, 0, -0.1337, -0.5366, 0, -1, 1, 0, -1, 1, 0, 1, -0.5366, 0, 0.1097, 1, 0, 0.1097, -0.5366, 0, -0.1337, -1, 0, -1, -0.5366, 0, -1, 1, 0, 0.1097, -0.5366, 0, -0.1337, 1, 0, -0.1337, -1, 0, -0.1337, -0.5366, 3.4514, 0.1036, -1, 3.4514, 0.1036, -1, 3.4514, 0.1036, -0.5366, 3.4514, 0.2068, -1, 3.4514, 0.2068, -0.5366, 3.4514, 0.2068, 1.021, 3.4514, 0.1036, 1.021, 3.4514, 0.2068, -1, 3.4514, 0.2068, -0.5366, 3.4514, 0.5491, -1, 3.4514, 0.5491, -1, 3.4514, 0.2068, -2.4123, 3.4514, 0.5491, -2.4123, 3.4514, 0.2068, -1, 3.4514, 0.1036, -2.4123, 3.4514, 0.2068, -2.4123, 3.4514, 0.1036, -1, 3.4514, 0.1036, -2.4123, 3.4514, -0.0096, -1, 3.4514, -0.0096, -2.4123, 3.4514, -0.0096, -3.8187, 3.4514, 0.1036, -3.8187, 3.4514, -0.0096, -2.4123, 3.4514, 0.2068, -3.8187, 3.4514, 0.5491, -3.8187, 3.4514, 0.2068, -2.4123, 3.4514, 0.1036, -3.8187, 3.4514, 0.2068, -3.8187, 3.4514, 0.1036, 1.021, 3.4514, 0.2068, 4.6011, 3.4514, 0.1036, 4.6011, 3.4514, 0.2068, 1.021, 3.4514, 0.2068, 4.6011, 3.4514, 0.5479, 1.021, 3.4514, 0.5479 )

[sub_resource type="BoxShape" id=22]
extents = Vector3( 4.57116, 3.8933, 8.02254 )

[sub_resource type="BoxShape" id=23]
extents = Vector3( 3.66881, 1.86178, 5.51233 )

[sub_resource type="BoxShape" id=24]
extents = Vector3( 7.86797, 2.03958, 3.60188 )

[node name="ESCENARIO MUSEO_23-11-20" instance=ExtResource( 1 )]

[node name="Ceraroja002" parent="." index="2"]
material/0 = ExtResource( 8 )

[node name="Wax2" parent="Ceraroja002" index="0" instance=ExtResource( 3 )]

[node name="CollisionShape" parent="Ceraroja002/Wax2" index="0"]
shape = SubResource( 1 )

[node name="stand-position" parent="Ceraroja002/Wax2" index="1"]
transform = Transform( -1, 0, -3.27826e-07, 0, 1, 0, 3.27826e-07, 0, -1, 0, 0.189772, 0.88678 )

[node name="Ceraroja001" parent="." index="3"]
material/0 = ExtResource( 8 )

[node name="Wax1" parent="Ceraroja001" index="0" instance=ExtResource( 3 )]
transform = Transform( 0.314026, 0, 0.949414, 0, 1, 0, -0.949414, 0, 0.314026, 0, 0, 0 )

[node name="CollisionShape" parent="Ceraroja001/Wax1" index="0"]
transform = Transform( 0.930046, 0, 0.367443, 0, 1, 0, -0.367443, 0, 0.930046, 0.0325565, 0.0167847, -0.0128632 )
shape = SubResource( 2 )

[node name="stand-position" parent="Ceraroja001/Wax1" index="1"]
transform = Transform( -0.461501, 0, -0.88714, 0, 1, 0, 0.88714, 0, -0.461501, 2.35587, 0.189772, 1.19905 )

[node name="Ceraverde" parent="." index="5"]
material/0 = ExtResource( 9 )

[node name="Wax4" parent="Ceraverde" index="0" instance=ExtResource( 3 )]
transform = Transform( 3.02179, 0, -1.6239, 0, 3.4305, 0, 1.6239, 0, 3.02179, 0, 0, 0 )

[node name="CollisionShape" parent="Ceraverde/Wax4" index="0"]
transform = Transform( 0.770836, 0, 0.637034, 0, 1, 0, -0.637034, 0, 0.770836, 0, 0, 0 )
shape = SubResource( 3 )

[node name="stand-position" parent="Ceraverde/Wax4" index="1"]
transform = Transform( -1, 0, -3.27826e-07, 0, 1, 0, 3.27826e-07, 0, -1, -1.90735e-06, -0.0348854, 0.88678 )

[node name="Ceraroja" parent="." index="6"]
material/0 = ExtResource( 8 )

[node name="Wax3" parent="Ceraroja" index="0" instance=ExtResource( 3 )]
transform = Transform( -0.937221, 0, -0.348735, 0, 1, 0, 0.348735, 0, -0.937221, 0, 0, 0 )

[node name="CollisionShape" parent="Ceraroja/Wax3" index="0"]
transform = Transform( 0.910525, 0, -0.413454, 0, 1, 0, 0.413454, 0, 0.910525, 0, 0, 0 )
shape = SubResource( 4 )

[node name="stand-position" parent="Ceraroja/Wax3" index="1"]
transform = Transform( -0.927321, 0, 0.374266, 0, 1, 0, -0.374266, 0, -0.927321, -0.453766, -0.093277, 1.29611 )

[node name="Cuadro3" parent="Cuadro3" index="0" instance=ExtResource( 3 )]
transform = Transform( -1, 0, -3.25841e-07, 0, 1, 0, 3.25841e-07, 0, -1, 0.0519137, 0.005126, 0.0858269 )

[node name="CollisionShape" parent="Cuadro3/Cuadro3" index="0"]
transform = Transform( 1, 0, 0, 0, 1, 0, 0, 0, 1, 0, -0.034133, 0 )
shape = SubResource( 5 )

[node name="stand-position" parent="Cuadro3/Cuadro3" index="1"]
transform = Transform( -0.959524, -0.111768, 0.258498, -0.1157, 0.993284, 0, -0.256762, -0.0299082, -0.966012, 1.43051e-06, -2.46051, 0.886782 )

[node name="Cuadro2" parent="Cuadro2" index="0" instance=ExtResource( 3 )]

[node name="CollisionShape" parent="Cuadro2/Cuadro2" index="0"]
transform = Transform( -1, 0, 3.25841e-07, 0, 1, 0, -3.25841e-07, 0, -1, 0, 0, 0 )
shape = SubResource( 6 )

[node name="stand-position" parent="Cuadro2/Cuadro2" index="1"]
transform = Transform( 0.980213, 0.197948, 0, -0.197948, 0.980213, 0, 0, 0, 1, -0.0212221, -2.41294, -0.723242 )

[node name="Cuadro1" parent="Cuadro1" index="0" instance=ExtResource( 3 )]
transform = Transform( -1, 0, -3.25841e-07, 0, 1, 0, 3.25841e-07, 0, -1, 0, 0, 0 )

[node name="CollisionShape" parent="Cuadro1/Cuadro1" index="0"]
shape = SubResource( 7 )

[node name="DownFloor" parent="2B_marcopuerta" index="0" instance=ExtResource( 3 )]
transform = Transform( -1.62921e-07, 0, -1, 0, 1, 0, 1, 0, -1.62921e-07, 0, 0, 0 )

[node name="CollisionShape" parent="2B_marcopuerta/DownFloor" index="0"]
shape = SubResource( 8 )

[node name="stand-position" parent="2B_marcopuerta/DownFloor" index="1"]
transform = Transform( -0.500801, 0, -0.865563, 0, 1, 0, 0.865563, 0, -0.500801, 3.38598, 1.77683, 3.25663 )

[node name="TazaOBJETO" parent="." index="22"]
transform = Transform( 0.105725, 0, -0.0699683, 0, 0.12678, 0, 0.0699683, 0, 0.105725, -2.87398, 6.58894, 27.3568 )
material/0 = SubResource( 9 )

[node name="Cup" parent="TazaOBJETO" index="0" instance=ExtResource( 3 )]
transform = Transform( -0.817396, 0, -0.576076, 0, 1, 0, 0.576076, 0, -0.817396, 0, 0, 0 )

[node name="CollisionShape" parent="TazaOBJETO/Cup" index="0"]
shape = SubResource( 10 )

[node name="stand-position" parent="TazaOBJETO/Cup" index="1"]
transform = Transform( -1, 0, -3.35276e-07, 0, 1, 0, 3.35276e-07, 0, -1, -1.90735e-06, -8.1724, 7.25179 )

[node name="Mac" parent="." index="24"]
material/0 = ExtResource( 10 )

[node name="McMoon" parent="Mac" index="0" instance=ExtResource( 3 )]

[node name="CollisionShape" parent="Mac/McMoon" index="0"]
transform = Transform( -1, 0, -3.25841e-07, 0, 1, 0, 3.25841e-07, 0, -1, 0, 0.699511, 0 )
shape = SubResource( 11 )

[node name="stand-position" parent="Mac/McMoon" index="1"]
transform = Transform( 0.99955, 0, -0.0300146, 0, 1, 0, 0.0300146, 0, 0.99955, 0.0204754, -4.48128, -4.64423 )

[node name="estatuabox" parent="." index="27"]
material/0 = ExtResource( 5 )

[node name="Statue" parent="estatuabox" index="0" instance=ExtResource( 3 )]
transform = Transform( -0.995947, 0.086895, 0.0232271, 0.0868713, 0.996217, -0.00202599, -0.0233153, -4.88944e-09, -0.999728, 0, 0, 0 )

[node name="CollisionShape" parent="estatuabox/Statue" index="0"]
transform = Transform( 0.993815, 5.58794e-09, -0.111053, -0.111053, -1.63815e-07, -0.993815, -2.23517e-08, 1, -1.63447e-07, -0.282509, 2.69302, 0.0635929 )
shape = SubResource( 25 )

[node name="CollisionShape2" type="CollisionShape" parent="estatuabox/Statue" index="1"]
transform = Transform( 0.99721, 0.074648, 1.30385e-08, -0.0746481, 0.99721, -3.68056e-10, 0, -2.32831e-10, 1, -0.059559, -2.18257, 0 )
shape = SubResource( 26 )

[node name="CollisionShape3" type="CollisionShape" parent="estatuabox/Statue" index="2"]
transform = Transform( 0.999199, 3.72529e-09, -0.0400102, -0.0400102, -1.64048e-07, -0.999199, -3.72529e-09, 1, -1.63447e-07, 1.24729, -0.0499434, 0 )
shape = SubResource( 27 )

[node name="interruptorbox" parent="." index="28"]
material/0 = SubResource( 15 )

[node name="InterruptorBox" parent="interruptorbox" index="0" instance=ExtResource( 3 )]
transform = Transform( 1, 0, 0, 0, 1, 0, -3.55271e-15, 0, 1, 0, 0, 0 )

[node name="CollisionShape" parent="interruptorbox/InterruptorBox" index="0"]
shape = SubResource( 16 )

[node name="stand-position" parent="interruptorbox/InterruptorBox" index="1"]
transform = Transform( -0.000592871, 0, -0.999999, 0, 1, 0, 1, 0, -0.000592871, 1.81871, -1.9263, -0.0051198 )

[node name="Cristalvitrina3" parent="VITRINA 3" index="1"]
material/0 = ExtResource( 4 )

[node name="Cube027" parent="VITRINA 3" index="3" instance=ExtResource( 3 )]
transform = Transform( -0.0128454, 0, 0.999918, 0, 1, 0, -0.999918, 0, -0.0128454, 0.122387, 0, -0.0454597 )

[node name="Cristalvitrina2" parent="VITRINA 2" index="1"]
material/0 = ExtResource( 4 )

[node name="Vitrina2" parent="VITRINA 2" index="3" instance=ExtResource( 3 )]
transform = Transform( -1.62921e-07, 0, 1, 0, 1, 0, -1, 0, -1.62921e-07, -3.04925, 0, 13.0736 )

[node name="CollisionShape" parent="VITRINA 2/Vitrina2" index="0"]
transform = Transform( 1, 0, 0, 0, 1, 0, 0, 0, 1, 0, 2.65899, 0 )
shape = SubResource( 17 )

[node name="stand-position" parent="VITRINA 2/Vitrina2" index="1"]
transform = Transform( -1, 0, -3.25841e-07, 0, 1, 0, 3.25841e-07, 0, -1, -4.76837e-06, 2.11409, 0.886782 )

[node name="Cristalvitrina1" parent="VITRINA 1" index="0"]
material/0 = ExtResource( 4 )

[node name="Vitrina1" parent="VITRINA 1" index="3" instance=ExtResource( 3 )]
transform = Transform( -1.62921e-07, 0, 1, 0, 1, 0, -1, 0, -1.62921e-07, -3.07265, 0, 9.19124 )

[node name="CollisionShape" parent="VITRINA 1/Vitrina1" index="0"]
transform = Transform( 1, 0, 0, 0, 1, 0, 0, 0, 1, -0.102476, 2.54079, 0 )
shape = SubResource( 18 )

[node name="stand-position" parent="VITRINA 1/Vitrina1" index="1"]
transform = Transform( -1, 0, -3.25841e-07, 0, 1, 0, 3.25841e-07, 0, -1, -2.86102e-06, 2.11409, 0.886782 )

[node name="door_scene1" parent="1marcopuerta" index="0" instance=ExtResource( 3 )]
transform = Transform( -1.62921e-07, 0, -1, 0, 1, 0, 1, 0, -1.62921e-07, 0, 0, 0 )

[node name="CollisionShape" parent="1marcopuerta/door_scene1" index="0"]
transform = Transform( 1, 0, 0, 0, 1, 0, 0, 0, 1, 0, -0.230331, 0 )
shape = SubResource( 19 )

[node name="Window" parent="Plane003" index="0" instance=ExtResource( 3 )]
transform = Transform( -1.62921e-07, 0, 1, 0, 1, 0, -1, 0, -1.62921e-07, -3.59608, 6.58694, 12.7243 )

[node name="_p1002" parent="." index="49"]
visible = false

[node name="_p1001" parent="." index="50"]
visible = false

[node name="NavigationManager" type="Node" parent="." index="54"]

[node name="Navigation" type="Navigation" parent="NavigationManager" index="0"]

[node name="Floor2" type="NavigationMeshInstance" parent="NavigationManager/Navigation" index="0"]
transform = Transform( 1, 0, 0, 0, 1, 0, 0, 0, 1, -0.203809, 2.11409, 19.4841 )
navmesh = SubResource( 20 )

[node name="Floor2" type="StaticBody" parent="NavigationManager" index="1"]
transform = Transform( 3.38231, 0, 0, 0, 1, 0, 0, 0, 15.621, -0.203809, 2.11409, 19.4841 )

[node name="shape0" type="CollisionShape" parent="NavigationManager/Floor2" index="0"]
shape = SubResource( 21 )

[node name="CameraManager" type="Node" parent="." index="55"]

[node name="Camera1" type="Area" parent="CameraManager" index="0"]
transform = Transform( 1, 0, 0, 0, 1, 0, 0, 0, 1, 0, 4.25321, 11.0312 )
script = ExtResource( 2 )

[node name="CollisionShape" type="CollisionShape" parent="CameraManager/Camera1" index="0"]
shape = SubResource( 22 )

[node name="camera" type="Camera" parent="CameraManager/Camera1" index="1"]
transform = Transform( -0.638166, -0.713893, 0.288273, 0.101056, 0.293519, 0.950597, -0.763238, 0.63577, -0.11517, 1.34619, 8.67702, 2.18997 )
environment = ExtResource( 11 )
current = true
fov = 44.2006
near = 0.1

[node name="Camera2A" type="Area" parent="CameraManager" index="1"]
transform = Transform( 1, 0, 0, 0, 1, 0, 0, 0, 1, -5.83423, -4.766, 23.6934 )
script = ExtResource( 2 )

[node name="CollisionShape" type="CollisionShape" parent="CameraManager/Camera2A" index="0"]
transform = Transform( 1, 0, 0, 0, 1, 0, 0, 0, 1, 1.43371, 10.2711, 0 )
shape = SubResource( 23 )

[node name="camera" type="Camera" parent="CameraManager/Camera2A" index="1"]
transform = Transform( -0.728969, -0.578243, 0.366388, 0, 0.535227, 0.844708, -0.684547, 0.615766, -0.390164, 9.18842, 22.2918, -5.14095 )
visible = false
environment = ExtResource( 11 )
fov = 31.3844
near = 0.1

[node name="Camera2C" type="Area" parent="CameraManager" index="2"]
transform = Transform( 1, 0, 0, 0, 1, 0, 0, 0, 1, 9.89757, 11.4103, 24.6768 )
script = ExtResource( 2 )

[node name="CollisionShape" type="CollisionShape" parent="CameraManager/Camera2C" index="0"]
transform = Transform( 1, 0, 0, 0, 1, 0, 0, 0, 1, -2.13943, -3.73329, 0 )
shape = SubResource( 24 )

[node name="camera" type="Camera" parent="CameraManager/Camera2C" index="1"]
transform = Transform( -0.95424, -0.274943, 0.117609, 0, 0.393289, 0.919415, -0.299041, 0.877343, -0.375292, 1.19349, 2.1698, -2.03219 )
visible = false
environment = ExtResource( 11 )
fov = 54.4123
near = 0.1

[node name="Old" type="Node" parent="CameraManager" index="3"]

[node name="Camara2C" type="Camera" parent="CameraManager/Old" index="0"]
transform = Transform( -0.95424, -0.274943, 0.117609, 0, 0.393289, 0.919415, -0.299041, 0.877343, -0.375292, 11.0911, 13.5801, 22.6446 )
fov = 54.4123
near = 0.1

[node name="Camara2A" type="Camera" parent="CameraManager/Old" index="1"]
transform = Transform( -0.728969, -0.578243, 0.366388, 0, 0.535227, 0.844708, -0.684547, 0.615766, -0.390164, 3.35419, 17.5258, 18.5525 )
fov = 31.3844
near = 0.1

[node name="Camara1" type="Camera" parent="CameraManager/Old" index="2"]
transform = Transform( -0.638166, -0.713893, 0.288273, 0.101056, 0.293519, 0.950597, -0.763238, 0.63577, -0.11517, 1.34619, 12.9302, 13.2212 )
fov = 44.2006
near = 0.1

[node name="Sun" parent="." index="56"]
transform = Transform( 1, 0, 0, 0, -0.127065, 0.991894, 0, -0.991894, -0.127065, 1.85754, 11.8532, 24.1289 )
light_energy = 2.55
light_indirect_energy = 3.06
light_specular = 0.32
shadow_enabled = true
shadow_reverse_cull_face = true
omni_range = 19.0122
omni_shadow_mode = 0

[node name="Point002" parent="." index="57"]
light_specular = 0.24
shadow_enabled = true
shadow_reverse_cull_face = true
omni_range = 12.2617

[editable path="Ceraroja002/Wax2"]

[editable path="Ceraroja001/Wax1"]

[editable path="Ceraverde/Wax4"]

[editable path="Ceraroja/Wax3"]

[editable path="Cuadro3/Cuadro3"]

[editable path="Cuadro2/Cuadro2"]

[editable path="Cuadro1/Cuadro1"]

[editable path="2B_marcopuerta/DownFloor"]

[editable path="TazaOBJETO/Cup"]

[editable path="Mac/McMoon"]

[editable path="estatuabox/Statue"]

[editable path="interruptorbox/InterruptorBox"]

[editable path="VITRINA 2/Vitrina2"]

[editable path="VITRINA 1/Vitrina1"]

[editable path="1marcopuerta/door_scene1"]
